   36   61   26   47   62   26  156   49   32    2  279  111  128  130 1 0 0 0 0 0 0 1 0 0 0 0 0 0 0 0
   88   70   24   89   97   47  251   93   65    1  396  122  114   80 1 0 0 0 0 0 0 0 1 0 0 0 0 0 0 0
  216  149   30  229  230  130  558  256  150    5  716  260  135  104 1 0 0 0 0 0 0 0 0 1 0 0 0 0 0 0
   55   42   11   75   97   61  305  145  109    0  453  112   78   36 1 0 0 0 0 0 0 0 0 0 1 0 0 0 0 0
   49   19    4   62   60   44  178   93   77    0  338   69   48   22 1 0 0 0 0 0 0 0 0 0 0 1 0 0 0 0
   14    7    4   31   50   38  127   70   47    2  253   50   32   17 1 0 0 0 0 0 0 0 0 0 0 0 1 0 0 0
   32   15    4   47   40   40  179  127   64    2  387   74   39   17 1 0 0 0 0 0 0 0 0 0 0 0 0 1 0 0
    5    4    1    9   10    6   33   26   18    0   98   19    7    4 1 0 0 0 0 0 0 0 0 0 0 0 0 0 1 0
    9    5    3   20   17   21   50   50   20    0  147   32   11    6 1 0 0 0 0 0 0 0 0 0 0 0 0 0 0 1
  468  532  208  605  557  175  816  290  171   15 1675 1089  601  992 0 1 0 0 0 0 0 1 0 0 0 0 0 0 0 0
  659  521  155  941  867  364 1311  564  306   18 2535 1479  677  946 0 1 0 0 0 0 0 0 1 0 0 0 0 0 0 0
 1140  611  155 1849 1424  744 2553 1078  735   32 4131 2127  821  784 0 1 0 0 0 0 0 0 0 1 0 0 0 0 0 0
  477  256   68  880  764  482 1607  786  506   18 2647 1129  554  338 0 1 0 0 0 0 0 0 0 0 1 0 0 0 0 0
  374  170   39  678  563  413 1134  691  399   11 2091  707  329  197 0 1 0 0 0 0 0 0 0 0 0 1 0 0 0 0
  156   69   22  293  293  250  655  430  256    6 1356  463  185  145 0 1 0 0 0 0 0 0 0 0 0 0 1 0 0 0
  290  144   28  433  377  319  876  531  328    2 1718  544  238  135 0 1 0 0 0 0 0 0 0 0 0 0 0 1 0 0
   55   21    5   62   70   57  154  119   50    0  391  107   46   31 0 1 0 0 0 0 0 0 0 0 0 0 0 0 1 0
   23   22    5   78   65   65  213  147   62    2  547  126   59   34 0 1 0 0 0 0 0 0 0 0 0 0 0 0 0 1
 1091 1236  482 1387 1193  365 1718  633  362   37 2832 1842 1039 2823 0 0 1 0 0 0 0 1 0 0 0 0 0 0 0 0
 1479 1195  527 1858 1754  680 2703 1168  779   46 4172 2217 1065 1990 0 0 1 0 0 0 0 0 1 0 0 0 0 0 0 0
 2417 1365  429 3521 3122 1491 4845 2499 1501   57 7032 3322 1226 1675 0 0 1 0 0 0 0 0 0 1 0 0 0 0 0 0
  953  564  157 1412 1293  829 2127 1223  747   36 3420 1345  522  535 0 0 1 0 0 0 0 0 0 0 1 0 0 0 0 0
  745  345   96 1129  928  686 1665 1006  558   17 2759 1037  356  294 0 0 1 0 0 0 0 0 0 0 0 1 0 0 0 0
  366  198   38  551  433  357  800  536  287   14 1570  558  243  208 0 0 1 0 0 0 0 0 0 0 0 0 1 0 0 0
  380  174   43  611  514  392  964  715  386   20 1939  596  242  226 0 0 1 0 0 0 0 0 0 0 0 0 0 1 0 0
   62   34    9  121  100   82  184  157   75    0  481  129   55   49 0 0 1 0 0 0 0 0 0 0 0 0 0 0 1 0
   91   43   10  158  137  115  272  199   85    2  619  188   71   67 0 0 1 0 0 0 0 0 0 0 0 0 0 0 0 1
 1576 2017  682 1507 1699  606 3144 1306  820   16 4770 2505 1888 2809 0 0 0 1 0 0 0 1 0 0 0 0 0 0 0 0
 2003 2022  614 2026 2137  966 3924 1723 1197   21 5516 2342 1473 1698 0 0 0 1 0 0 0 0 1 0 0 0 0 0 0 0
 3260 2254  635 3488 3242 1690 5774 2988 1988   36 7724 3079 1570 1454 0 0 0 1 0 0 0 0 0 1 0 0 0 0 0 0
 1231  758  203 1432 1287  795 2189 1248  812   15 3339 1077  526  449 0 0 0 1 0 0 0 0 0 0 1 0 0 0 0 0 
  780  457   82  937  852  616 1601 1023  636   12 2460  741  304  262 0 0 0 1 0 0 0 0 0 0 0 1 0 0 0 0
  300  207   48  411  379  288  682  448  240    6 1256  365  173  136 0 0 0 1 0 0 0 0 0 0 0 0 1 0 0 0
  497  323   67  637  470  400  993  663  429   14 1699  446  245  189 0 0 0 1 0 0 0 0 0 0 0 0 0 1 0 0
   74   63   12  122  100   81  165  134   65    0  346   87   29   31 0 0 0 1 0 0 0 0 0 0 0 0 0 0 1 0
  101   66   16  135  112   97  208  145   88    4  446  111   43   44 0 0 0 1 0 0 0 0 0 0 0 0 0 0 0 1
 1771 2379  531 1481 1251  551 1787  805  477   18 2975 1702 1033 1722 0 0 0 0 1 0 0 1 0 0 0 0 0 0 0 0
 2549 2421  449 1931 1431  763 2062  995  623   11 3098 1486  751 1014 0 0 0 0 1 0 0 0 1 0 0 0 0 0 0 0
 4611 3100  451 3778 2333 1426 3163 1973 1140   19 4749 2108  841  867 0 0 0 0 1 0 0 0 0 1 0 0 0 0 0 0
 1968 1173  166 1629 1009  778 1413  914  494    7 2021  786  270  278 0 0 0 0 1 0 0 0 0 0 1 0 0 0 0 0
 1575  804  112 1591  848  734 1250  799  503    8 1813  678  244  199 0 0 0 0 1 0 0 0 0 0 0 1 0 0 0 0
  637  386   49  610  301  326  525  358  229    4  866  268   99   95 0 0 0 0 1 0 0 0 0 0 0 0 1 0 0 0
  870  495   57  901  479  497  761  584  389    6 1277  413  166  146 0 0 0 0 1 0 0 0 0 0 0 0 0 1 0 0
  105   75   14  129   75   88  101   87   56    0  196   54   26   19 0 0 0 0 1 0 0 0 0 0 0 0 0 0 1 0
  147  102   12  172  100  100  160  140   81    2  305   78   28   26 0 0 0 0 1 0 0 0 0 0 0 0 0 0 0 1
 1462 1963  360 1168  693  247  634  322  158    3  986  596  294  692 0 0 0 0 0 1 0 1 0 0 0 0 0 0 0 0
 2390 2548  358 1581  782  396  743  405  264    3 1099  644  261  550 0 0 0 0 0 1 0 0 1 0 0 0 0 0 0 0
 4854 3441  412 3506 1477  960 1392  944  486   11 2136 1085  312  641 0 0 0 0 0 1 0 0 0 1 0 0 0 0 0 0
 3390 2036  224 2736 1018  871  976  720  347    5 1410  673  156  303 0 0 0 0 0 1 0 0 0 0 1 0 0 0 0 0
 3141 1457  167 2647  996  954 1041  770  426    3 1422  569  172  220 0 0 0 0 0 1 0 0 0 0 0 1 0 0 0 0
 1446  661  100 1257  427  483  479  435  229    4  752  295   77   96 0 0 0 0 0 1 0 0 0 0 0 0 1 0 0 0
 2114  947  111 2171  690  903  853  779  425    2 1278  407  117  123 0 0 0 0 0 1 0 0 0 0 0 0 0 1 0 0
  236  141    8  250   90  133  127  104   59    1  192   58    8   17 0 0 0 0 0 1 0 0 0 0 0 0 0 0 1 0
  181  113   10  244   71  138  109  127   62    0  190   55   11   21 0 0 0 0 0 1 0 0 0 0 0 0 0 0 0 1
  600  933  276  567  336  138  374  173   61    3  985  453  321  595 0 0 0 0 0 0 1 1 0 0 0 0 0 0 0 0
 1099 1246  218  806  429  230  384  245   96    1  894  370  212  357 0 0 0 0 0 0 1 0 1 0 0 0 0 0 0 0
 1951 1697  249 1818  756  522  634  491  227    3 1332  585  256  352 0 0 0 0 0 0 1 0 0 1 0 0 0 0 0 0
 1656 1144  129 1705  499  568  515  418  191    1  900  358  111  155 0 0 0 0 0 0 1 0 0 0 1 0 0 0 0 0
 1504  818  100 1686  497  553  430  471  194    4  854  326   87  118 0 0 0 0 0 0 1 0 0 0 0 1 0 0 0 0
  782  388   42  899  259  373  219  281  132    0  432  160   39   54 0 0 0 0 0 0 1 0 0 0 0 0 1 0 0 0
 1134  545   61 1544  345  702  435  502  226    4  775  227   61   69 0 0 0 0 0 0 1 0 0 0 0 0 0 1 0 0
  139   81    9  218   43  104   57   81   30    0  121   23    8   13 0 0 0 0 0 0 1 0 0 0 0 0 0 0 1 0
  113   60    9  186   45  115   47   92   35    0  111   29    8   10 0 0 0 0 0 0 1 0 0 0 0 0 0 0 0 1