     1    11     9    13    10    16    15     5    12    14     7     4     8     6     3     2
     1    10    13    12     2    16    14     9     7     8    15    11     3     4     6     5
     1     3     8    10     2    11    13    15     7    12    16     6     9    14     5     4
     1     2     4     5     3     9    14    12     6    15    16    10     7    13    11     8
     1     5     7     4     3     9    15    10     6    11    12    16     2     8    14    13
     1    10    12    11     2     6    16    15     4     7    13    14     3     8     5     9
     1     5     6    11     2    12    15    14     3    13    16     9     4    10     8     7
     1     9    11    12     3     8    13    15     2     6    14    16     4     5    10     7
     3     2     7     5     1    13    15    12     6    14    16    10     4    11     9     8
     2     1     4     8     3     7    10     9     6    12    13    15     5    11    16    14
     1     4    13    14     2    16    15     8     6     9    12    10     5     3     7    11
     1     3    11    14     2    12    15    13     5     9    16    10     4     8     6     7
     1     3     8     9     2    13    16     6     7    15    12    14     4     5    11    10
     1     3     7     6     2     8    12    11     4     9    13    15     5    10    14    16
     2     3     5     1     4     6     8     7     9    10    12    11    15    14    16    13
     1    11    15    10     9    16    13     7    14    12     8     6     4     3     5     2
     1     2     4     7     3     8     9    10     5    12    14    11     6    13    16    15
     1     9    12    15     2    14    16     7     8    13    11    10     3     6     5     4
     1     3     5     4     2     7    10    11     6     9    16    14     8    12    13    15
     2     5     7     3     6    11    15    12     8    16    14     9     4    13    10     1
     1     2     7     6     4     8     9    12     5    10    16    14     3    11    15    13
     1     3     6     7     2     8    12    11     4    10    16    14     5     9    13    15
     1     6    11     5     4    13    16    12     3    15    14    10     2     7     8     9
     1     2     4     5     3    10     9     7    13    16    12     8    15    14    11     6
     1     3     7     8     2     9    11    12     5    10    16    15     4     6    13    14
     1     5     6     7     2    12    11     9     3    10    13    15     4     8    14    16
     3     2     6     8     1     9    16    12     4    11    15    14     5    10     7    13
     1     4     5     3     7    16    13     2    12    14    15     9     6    11    10     8
     1     3     9    10     2     7    11    13     4     8    12    16     5     6    14    15
    16    15    12    10    13    14    11     7     3     5     9     8     1     2     4     6
     3     2     7     6     1    11    13    10     5     9    16    14     4     8    12    15
     1     3     6     8     2     7    15    13     4    14    16    11     5    12    10     9
     1    13    14     9    11    16    15     7    10    12     8     5     4     6     3     2
     2    10    11     8    13    16    14     5    12    15     7     3     9     6     4     1
     1    10    11    12     2     9    14    16     3     8    15    13     4     7     6     5
     1    15    13    12     6    14    16    11     4    10     9     8     2     3     5     7
     1    10     9     8    11    14    15     5    13    16     7     3    12     6     4     2
     1    13     8     7    10    14    15    12     6    11    16     4     5     9     3     2
     1     5     6     7     2    10    12     9     3    11    16    14     4     8    13    15
     1    15    14     5    13    16    11     7    12    10     9     8     4     6     3     2
     9    15    14     7    12    16    13     6    11    10     8     5     4     3     2     1
     1     8    13    10     5    16    15     9    12    14    11     7     6     4     3     2
     1     2     4     5     3     9    12    10     7    13    16    14     6    11    15     8
     1     3    11    12     2     8    10    16     4     7    15    14     5     6     9    13
     1     7     9     8     5    12    13    15     3     6    16    14     2     4    10    11
     1     4    16    15     2    14    13    11     6    12    10     9     3     5     8     7
    16    15    12     8    14    13    10     5    11     9     6     3     7     4     1     2
     7    14    16    12    13    15    10     6    11     9     5     3     8     4     2     1
     1     4    13    16     2    11    15    14     3    10    12     9     5     7     8     6
     1    15    10     8    14    16    12     6    13    11     9     4     5     7     3     2
     1     2     7     4     3    12    10     9     5    11    15    13     6     8    14    16
     1     2     5     6     3     7    14    13     4    15    16    11     8     9    12    10
     1     5     6     8     4     7    13    12     3    11    16    15     2     9    14    10
     1     5     6     8     2    10    12    11     3     7    16    15     4     9    14    13
     1     2     4     6     3    13    15    11     5    16    14     9     7    12    10     8
     1     3     4     6     2    11    15     9     5    13    16    14     7    10    12     8
     1     2     4     7     3     6    11     9     5    12    14    13     8    10    15    16
     1     2     4     8     3     6     9    12     5    10    14    15     7    13    16    11
     1     3     9    10     2     5    11    15     4     7    14    16     6     8    13    12
     5     1     3     7     2     6     9    11     4    10    13    15     8    12    16    14
     1     2     4     5     3     8     9    11     6    10    15    13     7    12    14    16
     1     3     7     4     2     8    10    15     6     9    16    13     5    14    12    11
     1     3     6     4     2     9    11    12     5    10    13    16     7     8    14    15
     1     5    12    15     2     6    11    16     3     7    10    14     4     8     9    13
     1     7     6     4     5     8    10    12     3     9    13    15     2    11    14    16
     1     7     9    14     2     8    12    15     3     6    11    16     4     5    10    13
     1     7     5     3     6     8    10    14     4     9    16    15     2    11    13    12
     2    12    14    11     7    15    16     8     9    10    13     6     5     4     3     1
     1     2     4     7     3    11     9     8     5    12    16    10     6    14    15    13
     1     5     9     8     2     7    11    13     3    10    12    15     4     6    14    16
    11    14    12     8    15    16     9     4    13    10     6     2     7     5     3     1
     1     5     6     7     2     8    12    10     3    11    13    16     4     9    15    14
     3     4     9     6     5    15    13    12     2    14    16     8     1    10    11     7
     1     7     6     3     5     8    16    14     4    12    15    13     2    10    11     9
     1     3     4     2     5    11     7     9     6    12    16    13     8    10    14    15
     1     5     7     6     3    13    16    14     4    12    15    11     2    10     9     8
     1     5    13    14     2     8    12    15     3     7    11    16     4     6     9    10
     1     7     6     4     2    13    15    11     3    14    16    12     5    10     9     8
    16    15    14    13     8    12    11    10     3     6     7     9     2     1     4     5
     1     3     6     7     2     8    10    12     4     9    13    15     5    11    14    16
     1     2     4     6     3     8     9    11     5    10    13    14     7    12    15    16
     1     5     9    13     2     6    10    14     3     7    11    15     4     8    12    16