 -8.50 -6.50 -7.50  6.50 -1.50  8.50  7.50 -0.50 -2.50  3.50  2.50  0.50  1.50  5.50  4.50 -3.50 -4.50 -5.50
 -8.50  5.50 -7.50  6.50 -6.50  8.50  7.50  3.50 -4.50 -3.50 -2.50 -0.50  0.50 -1.50  2.50  4.50  1.50 -5.50
  6.50  5.50  4.50 -0.50 -1.50  7.50  8.50 -4.50 -2.50 -3.50  1.50  0.50 -5.50  3.50  2.50 -6.50 -7.50 -8.50
  2.50  4.50  3.50  6.50  5.50  8.50  7.50  1.50 -4.50 -1.50 -2.50 -5.50 -0.50 -3.50  0.50 -6.50 -7.50 -8.50
 -5.50 -4.50  6.50  4.50  5.50  7.50  8.50  3.50  2.50 -0.50  1.50  0.50 -1.50 -2.50 -3.50 -7.50 -8.50 -6.50
 -8.50  0.50 -5.50  3.50 -6.50  2.50 -4.50  1.50 -7.50  4.50 -3.50 -2.50 -1.50  7.50  8.50  5.50  6.50 -0.50
 -8.50 -5.50 -7.50  6.50 -1.50  8.50 -0.50  4.50 -4.50  7.50  1.50 -3.50 -2.50  3.50  0.50  5.50  2.50 -6.50
 -8.50 -2.50 -3.50 -4.50 -5.50  8.50  7.50 -6.50 -7.50  4.50  5.50  2.50  3.50  6.50  1.50  0.50 -0.50 -1.50
 -8.50 -7.50 -6.50 -0.50 -1.50  8.50  7.50 -2.50 -3.50  1.50  5.50  3.50  2.50  4.50  0.50  6.50 -4.50 -5.50
  6.50  3.50  2.50  4.50  5.50  7.50  8.50 -5.50 -4.50 -1.50  1.50  0.50 -0.50 -2.50 -3.50 -6.50 -8.50 -7.50
 -5.50  4.50  3.50  8.50  5.50  7.50  6.50 -2.50 -3.50 -4.50 -0.50 -1.50  1.50  2.50  0.50 -6.50 -7.50 -8.50
 -8.50  6.50  5.50  3.50  4.50  7.50  8.50 -3.50 -4.50  1.50 -2.50 -1.50  2.50 -0.50  0.50 -7.50 -5.50 -6.50
 -8.50 -4.50 -3.50  5.50  4.50  8.50  7.50 -2.50 -0.50  2.50  3.50  0.50  1.50  6.50 -1.50 -5.50 -7.50 -6.50
  2.50  3.50  4.50  5.50  7.50  8.50  6.50  1.50  0.50 -0.50 -1.50 -2.50 -3.50 -4.50 -5.50 -6.50 -7.50 -8.50
  8.50  7.50  6.50  3.50  1.50  5.50  4.50  2.50 -8.50 -0.50  0.50 -1.50 -2.50 -4.50 -3.50 -5.50 -6.50 -7.50
 -8.50 -6.50 -7.50  0.50 -0.50  2.50 -1.50  3.50 -5.50  1.50 -4.50 -3.50 -2.50  4.50  6.50  7.50  8.50  5.50
 -8.17 -3.17 -4.17  7.83  5.83  8.83  6.83  2.83 -2.17  0.83 -1.17 -1.17 -0.17  3.83  1.83 -6.17 -5.17 -7.17
 -8.50 -5.50 -7.50 -0.50 -4.50 -1.50 -2.50  4.50 -6.50  3.50  2.50  1.50  0.50  6.50  7.50  8.50  5.50 -3.50
 -2.67  3.33  5.33 -0.67  7.33 -3.67  8.33 -4.67 -5.67  6.33  4.33  1.33  2.33  0.33 -1.67 -5.67 -6.67 -7.67
 -0.50  2.50 -1.50  8.50 -7.50  3.50 -6.50  5.50 -8.50 -2.50 -3.50 -4.50  6.50  4.50  7.50  0.50  1.50 -5.50
 -8.50 -6.50 -7.50  4.50 -4.50  3.50  2.50  8.50 -5.50 -1.50 -0.50 -2.50  6.50  7.50  5.50  0.50  1.50 -3.50
 -8.50 -4.50 -3.50 -2.50 -1.50  8.50  7.50 -0.50  0.50  5.50  4.50  6.50  2.50  3.50  1.50 -5.50 -7.50 -6.50
 -8.50 -7.50 -6.50  7.50  8.50  6.50  5.50  4.50  3.50  2.50 -2.50  1.50 -0.50 -1.50  0.50 -3.50 -4.50 -5.50
 -5.50 -4.50 -7.50 -2.50 -6.50 -1.50 -3.50  1.50 -8.50  0.50  2.50  3.50  4.50  7.50  8.50  6.50  5.50 -0.50
 -5.50 -4.50 -3.50 -2.50 -1.50  8.50  7.50 -0.50  0.50  6.50  5.50  4.50  3.50  2.50  1.50 -6.50 -7.50 -8.50
 -8.50  4.50  3.50  6.50  5.50  7.50  8.50 -1.50 -2.50  2.50 -0.50  0.50  1.50 -3.50 -4.50 -5.50 -6.50 -7.50
 -5.50  6.50 -2.50  5.50 -3.50  8.50  7.50 -0.50 -4.50  2.50  0.50 -1.50  1.50  4.50  3.50 -6.50 -7.50 -8.50
 -8.50  2.50 -2.50  8.50 -4.50  7.50  5.50  6.50 -3.50  1.50  0.50 -1.50 -0.50  3.50  4.50 -5.50 -6.50 -7.50
 -8.50 -7.50 -6.50 -4.50 -2.50 -0.50  0.50 -5.50 -3.50  4.50  5.50  6.50  2.50  3.50  1.50  8.50 -1.50  7.50
 -8.50 -0.50 -1.50  3.50  2.50 -6.50 -7.50  5.50  4.50 -4.50 -5.50  0.50 -2.50 -3.50  1.50  8.50  7.50  6.50
  7.50  3.50  2.50  8.50  6.50  5.50  4.50 -2.50 -3.50 -1.50 -4.50 -5.50  1.50  0.50 -0.50 -6.50 -7.50 -8.50
 -8.50 -5.50 -6.50  2.50 -7.50  0.50 -4.50  4.50 -3.50 -0.50 -1.50 -2.50  3.50  5.50  6.50  8.50  7.50  1.50
 -5.50 -3.50 -4.50  5.50  6.50  8.50  7.50 -2.50 -1.50  2.50  4.50  1.50  0.50  3.50 -0.50 -6.50 -7.50 -8.50
 -8.50 -3.50 -7.50 -4.50 -6.50  1.50  0.50 -2.50 -5.50  4.50  3.50  2.50  5.50  7.50  6.50  8.50 -0.50 -1.50
 -5.50  5.50  4.50  7.50  6.50  8.50  3.50 -3.50 -4.50 -1.50 -2.50  0.50 -0.50  1.50  2.50 -6.50 -7.50 -8.50
 -8.50 -6.50 -7.50 -4.50 -5.50 -2.50 -3.50  2.50  1.50  7.50  6.50  4.50  8.50  5.50  3.50  0.50 -0.50 -1.50
 -8.50 -6.50 -7.50  6.50 -5.50  8.50  7.50  5.50  0.50  4.50  3.50  1.50  2.50 -1.50 -0.50 -2.50 -3.50 -4.50
 -8.50  3.50  2.50  4.50 -3.50  8.50  6.50  5.50 -2.50  1.50  0.50 -1.50 -0.50  7.50 -4.50 -6.50 -5.50 -7.50
 -5.50 -3.50 -4.50  6.50  5.50  8.50  7.50 -1.50 -2.50 -0.50  3.50  2.50  1.50  4.50  0.50 -6.50 -7.50 -8.50
 -8.50 -2.50 -0.50 -3.50  6.50  8.50  7.50 -4.50  5.50  4.50  3.50  2.50  1.50 -1.50 -6.50  0.50 -7.50 -5.50
 -5.50  4.50  3.50  6.50  5.50  8.50  7.50 -3.50 -4.50 -0.50 -1.50 -2.50  1.50  2.50  0.50 -6.50 -7.50 -8.50
 -5.50  2.50  1.50  3.50  0.50  8.50  7.50 -0.50 -1.50  6.50 -3.50 -4.50 -2.50  5.50  4.50 -6.50 -7.50 -8.50
 -8.50 -2.50 -3.50 -0.50 -1.50  3.50  0.50  5.50 -4.50  4.50  1.50  2.50  7.50  6.50  8.50 -5.50 -6.50 -7.50
 -8.50  3.50 -7.50  4.50 -5.50  7.50  2.50  1.50 -6.50  0.50 -0.50 -4.50  5.50  8.50  6.50 -1.50 -2.50 -3.50
 -8.50 -7.50 -6.50 -5.50 -4.50  2.50 -0.50 -2.50 -1.50  0.50  3.50 -3.50  6.50  1.50  8.50  7.50  5.50  4.50
 -8.50 -7.50 -6.50 -4.50 -5.50 -3.50 -2.50 -0.50 -1.50  6.50  7.50  2.50  4.50  8.50  3.50  5.50  1.50  0.50
 -8.50 -3.50 -4.50  6.50  5.50  8.50  7.50 -1.50 -2.50  4.50  3.50 -0.50  0.50  2.50  1.50 -5.50 -6.50 -7.50
 -8.50  2.50  1.50  3.50  4.50  8.50  7.50 -3.50 -4.50  6.50 -2.50 -0.50  0.50 -1.50  5.50 -5.50 -6.50 -7.50
 -8.50 -7.50 -6.50 -4.50 -3.50  1.50  2.50 -5.50 -2.50  3.50  4.50  5.50  8.50  7.50  6.50  0.50 -1.50 -0.50
 -8.50 -6.50 -7.50  6.50  5.50  8.50  7.50  0.50 -2.50  2.50  1.50 -1.50 -0.50  3.50  4.50 -3.50 -4.50 -5.50
 -8.50 -6.50 -7.50  1.50 -5.50  2.50 -2.50  5.50 -3.50  3.50  0.50 -1.50 -0.50  4.50  6.50  8.50  7.50 -4.50
  2.50  3.50  4.50  5.50  6.50  8.50  7.50  1.50  0.50 -0.50 -1.50 -2.50 -3.50 -6.50 -4.50 -5.50 -7.50 -8.50
 -8.50 -3.50 -4.50  2.50  1.50  8.50  7.50 -1.50 -2.50 -0.50  5.50  0.50  3.50  6.50  4.50 -5.50 -6.50 -7.50
 -6.50 -4.50 -5.50 -2.50 -3.50  8.50  7.50 -1.50 -0.50  1.50  0.50  3.50  4.50  6.50  5.50  2.50 -7.50 -8.50
 -8.50 -6.50 -7.50 -4.50 -5.50 -2.50 -3.50 -0.50 -1.50  2.50  1.50  0.50  3.50  4.50  5.50  7.50  8.50  6.50
  8.50  6.50 -3.50  5.50 -6.50  2.50 -2.50  7.50 -7.50  1.50 -4.50 -5.50  0.50  4.50  3.50 -1.50 -0.50 -8.50
 -8.50 -6.50 -7.50 -4.50 -5.50  7.50  6.50 -2.50 -3.50  3.50  2.50  0.50  1.50  5.50  4.50  8.50 -0.50 -1.50
 -8.50 -7.50 -6.50 -5.50 -4.50 -2.50 -3.50 -0.50 -1.50  3.50  4.50  2.50  1.50  0.50  5.50  6.50  8.50  7.50
 -5.50 -0.50 -1.50  6.50  5.50  8.50  7.50  2.50  1.50  0.50 -3.50 -2.50  4.50 -4.50  3.50 -6.50 -7.50 -8.50
 -8.50 -6.50 -5.50  5.50  6.50  7.50  8.50 -2.50 -1.50  1.50  4.50  3.50  2.50  0.50 -0.50 -3.50 -7.50 -4.50
  2.50  4.50  3.50  6.50  5.50  8.50  7.50 -4.50 -5.50  0.50 -2.50 -3.50 -1.50 -0.50  1.50 -7.50 -6.50 -8.50
 -8.50 -5.50 -4.50 -3.50 -2.50  0.50  1.50 -0.50 -1.50  2.50  3.50  4.50  5.50  6.50  7.50  8.50 -6.50 -7.50
  8.50  7.50  5.50  6.50  3.50  4.50 -4.50  2.50 -3.50 -5.50 -1.50 -0.50  0.50 -2.50  1.50 -7.50 -6.50 -8.50
 -5.50  1.50 -0.50  6.50  4.50  8.50  7.50  0.50 -1.50  2.50 -2.50 -3.50 -4.50  3.50  5.50 -6.50 -7.50 -8.50
 -5.50  4.50  3.50  6.50  5.50  8.50  7.50 -3.50 -4.50  2.50  1.50 -2.50 -1.50  0.50 -0.50 -6.50 -8.50 -7.50
  6.50  8.50  7.50  3.50  2.50  5.50  4.50 -4.50 -5.50 -0.50  0.50 -2.50 -1.50  1.50 -3.50 -6.50 -8.50 -7.50
 -8.50 -6.50 -7.50 -5.50 -4.50  7.50  8.50 -2.50 -3.50  0.50  1.50  3.50  5.50  4.50  2.50  6.50 -0.50 -1.50
  2.50  5.50  6.50  3.50  4.50  7.50  8.50 -5.50 -4.50 -1.50 -0.50 -2.50 -3.50  0.50  1.50 -6.50 -8.50 -7.50
 -8.50 -7.50 -6.50 -0.50  7.50  6.50  5.50 -5.50 -3.50  8.50  4.50  2.50  1.50  3.50  0.50 -1.50 -4.50 -2.50
 -8.50 -5.50 -4.50  0.50  1.50  8.50  7.50 -3.50 -2.50  6.50  2.50  3.50 -0.50  5.50 -1.50  4.50 -7.50 -6.50
 -8.50 -6.50 -7.50  1.50  0.50  3.50  2.50 -4.50 -5.50  5.50  4.50 -1.50 -0.50  7.50  6.50  8.50 -2.50 -3.50
  3.50  4.50  5.50 -1.50  6.50  7.50  8.50 -4.50 -2.50 -3.50 -5.50  2.50  1.50  0.50 -0.50 -6.50 -8.50 -7.50
 -5.50  3.50  4.50  5.50  6.50  7.50  8.50 -4.50 -3.50  1.50 -1.50 -2.50  2.50  0.50 -0.50 -6.50 -7.50 -8.50
 -6.50  5.50  6.50  3.50  7.50  8.50  4.50 -3.50  2.50 -0.50 -1.50  1.50 -2.50 -4.50  0.50 -5.50 -8.50 -7.50
 -8.50 -1.50  0.50 -2.50 -0.50  7.50  8.50 -7.50 -6.50  6.50  5.50  4.50  2.50  3.50  1.50 -3.50 -5.50 -4.50
 -5.50 -4.50 -3.50  6.50  5.50  7.50  8.50 -2.50 -1.50  3.50  4.50  2.50  1.50  0.50 -0.50 -6.50 -7.50 -8.50
 -8.50 -0.50 -5.50  5.50 -6.50  6.50  1.50  0.50 -7.50 -1.50 -2.50 -3.50  2.50  8.50  7.50  4.50  3.50 -4.50
 -8.50 -7.50 -6.50 -4.50  2.50  7.50 -1.50 -5.50  3.50  5.50  0.50 -3.50 -0.50  4.50  8.50  1.50  6.50 -2.50
 -8.50 -7.50 -6.50 -5.50 -3.50  0.50 -0.50 -4.50 -1.50  8.50  7.50  6.50  1.50  3.50  4.50  5.50 -2.50  2.50
 -8.50 -6.50 -7.50  6.50  5.50  7.50  8.50 -4.50 -5.50 -0.50  4.50  3.50  1.50  2.50  0.50 -1.50 -2.50 -3.50
  5.50 -0.50  7.50  6.50  3.50  8.50 -2.50 -1.50  2.50 -3.50 -7.50 -5.50 -6.50 -4.50  4.50  1.50  0.50 -8.50
 -8.50 -6.50 -7.50 -4.50 -5.50 -0.50 -1.50 -2.50 -3.50  3.50  2.50  0.50  1.50  5.50  4.50  8.50  6.50  7.50
 -8.50 -7.50 -6.50 -5.50 -4.50  8.50  7.50 -2.50 -3.50  6.50  5.50  4.50  3.50  1.50  2.50  0.50 -1.50 -0.50
 -8.50 -6.50 -7.50  1.50 -5.50  2.50 -4.50  3.50 -3.50  6.50 -1.50 -0.50  0.50  7.50  8.50  5.50  4.50 -2.50
 -8.50 -6.50 -7.50 -4.50 -5.50 -0.50 -1.50 -2.50 -3.50  1.50  2.50  0.50  3.50  8.50  6.50  7.50  4.50  5.50
 -8.50 -7.50 -6.50 -3.50 -2.50 -0.50 -1.50 -5.50 -4.50  0.50  1.50  2.50  4.50  3.50  5.50  8.50  7.50  6.50
 -8.50 -6.50 -7.50  3.50  4.50  8.50  7.50 -2.50 -3.50  2.50  1.50  0.50 -0.50 -1.50  5.50  6.50 -4.50 -5.50
 -8.50 -7.50 -6.50 -1.50 -0.50  8.50  5.50 -3.50 -2.50  6.50  7.50  1.50  0.50  4.50  2.50  3.50 -5.50 -4.50
 -3.50  1.50  5.50 -1.50 -2.50  8.50  2.50 -5.50 -4.50  4.50  3.50 -0.50  0.50  7.50  6.50 -6.50 -7.50 -8.50
 -8.50 -2.50 -1.50 -6.50 -0.50  8.50  1.50 -7.50  0.50  7.50  6.50  5.50  4.50  3.50  2.50 -3.50 -5.50 -4.50
 -8.50 -6.50 -7.50  1.50 -5.50  4.50 -0.50  0.50 -4.50 -1.50 -3.50 -2.50  2.50  3.50  5.50  7.50  8.50  6.50
 -8.50 -7.50 -3.50 -6.50 -5.50 -0.50 -1.50 -4.50 -2.50  2.50  4.50  3.50  5.50  0.50  1.50  8.50  6.50  7.50
 -8.50 -7.50 -6.50 -5.50 -4.50 -2.50 -3.50 -1.50 -0.50  5.50  6.50  7.50  2.50  3.50  4.50  8.50  1.50  0.50
 -8.50 -7.50 -6.50  5.50  6.50  8.50  7.50 -2.50 -1.50  4.50  3.50  1.50  2.50  0.50 -0.50 -3.50 -4.50 -5.50
  6.50  5.50  4.50  3.50  2.50  8.50  7.50 -1.50 -8.50 -2.50 -5.50 -6.50 -4.50 -0.50  0.50  1.50 -3.50 -7.50
 -8.50 -6.50 -7.50  5.50 -5.50  7.50  6.50  2.50 -4.50  1.50  0.50 -0.50  4.50  3.50  8.50 -1.50 -2.50 -3.50
 -8.50 -7.50 -6.50 -5.50 -4.50  5.50 -3.50 -2.50 -1.50  3.50  2.50  1.50 -0.50  4.50  6.50  7.50  8.50  0.50
 -8.50 -6.50 -7.50 -2.50 -5.50 -3.50 -4.50  5.50  4.50  1.50  0.50 -0.50 -1.50  2.50  3.50  7.50  8.50  6.50
 -8.50 -7.50 -6.50  4.50  5.50  8.50 -2.50 -1.50 -0.50  6.50 -3.50 -4.50  3.50  2.50  7.50  1.50  0.50 -5.50
 -8.50 -4.50 -3.50 -2.50 -1.50  7.50  8.50 -0.50  0.50  4.50  2.50  6.50  5.50  1.50  3.50 -5.50 -7.50 -6.50